0
0
0
0
0
0
0
0
0
0
0
0
0
0
0
0
0
0
0
0
0
0
0
0
0
0
0
0
0
0
0
0
0
0
0
0
0
0
0
0
0
0
0
0
0
0
0
0
0
0
0
0
0
0
0
0
0
0
0
0
0
0
0
0
0
0
0
0
0
0
0
0
0
0
0
0
0
0
0
0
0
0
0
0
0
0
0
0
0
0
0
0
0
0
0
0
0
0
0
0
0
0
0
0
0
0
0
0
0
0
0
0
0
0
0
0
0
0
0
0
0
0
0
0
0
0
0
0
0
0
0
0
0
0
0
0
0
0
0
0
0
0
0
0
0
0
0
0
0
0
0
0
0
0
0
0
0
0
0
0
0
0
0
0
0
0
0
0
0
0
0
0
0
0
0
0
0
0
0
0
0
0
0
0
0
0
0
0
0
0
0
0
0
0
0
0
0
0
0
0
0
0
0
0
0
0
0
0
0
0
0
0
0
0
0
0
0
0
0
0
0
0
0
0
0
0
0
0
0
0
0
0
0
0
0
0
0
0
0
0
0
0
0
0
0
0
0
0
0
0
0
0
0
0
0
0
0
0
0
0
0
0
0
0
0
0
0
0
0
0
0
0
0
0
0
0
0
0
0
0
0
0
0
0
0
0
0
0
0
0
0
0
0
0
0
0
0
0
0
0
0
0
0
0
0
0
0
0
0
0
0
0
0
0
0
0
0
0
0
0
0
0
0
0
0
0
0
0
0
0
0
0
0
0
0
0
0
0
0
0
0
0
0
0
0
0
0
0
0
0
0
0
0
0
0
0
0
0
0
0
0
0
0
0
0
0
0
0
0
0
0
0
0
0
0
0
0
0
0
0
0
0
0
0
0
0
0
0
0
0
0
0
0
0
0
0
0
0
0
0
0
0
0
0
0
0
0
0
0
0
0
0
0
0
0
0
0
0
0
0
0
0
0
0
0
0
0
0
0
0
0
0
0
0
0
0
0
0
0
0
0
0
0
0
0
0
0
0
0
0
0
0
0
0
0
0
0
0
0
0
0
0
0
0
0
0
0
0
0
0
0
0
0
0
0
0
0
0
0
0
0
0
0
0
0
0
0
0
0
0
0
0
0
0
0
0
0
0
0
0
0
0
0
0
0
0
0
0
0
0
0
0
0
0
0
0
0
0
0
0
0
0
0
0
0
0
0
0
0
0
0
0
0
0
0
0
0
0
0
0
0
0
0
0
0
0
0
0
0
0
0
0
0
0
0
0
0
0
0
0
0
0
0
0
0
0
0
0
0
0
0
0
0
0
0
0
0
0
0
0
0
0
0
0
0
0
0
0
0
0
0
0
0
0
0
0
0
0
0
0
0
0
0
0
0
0
0
0
0
0
0
0
0
0
0
0
0
0
0
0
0
0
0
0
0
0
0
0
0
0
0
0
0
0
0
0
0
0
0
0
0
0
0
0
0
0
0
0
0
0
0
0
0
0
0
0
0
0
0
0
0
0
0
0
0
0
0
0
0
0
0
0
0
0
0
0
0
0
0
0
0
0
0
0
0
0
0
0
0
0
0
0
0
0
0
0
0
0
0
0
0
0
0
0
0
0
0
0
0
0
0
0
0
0
0.002
0
0
0.002
0
0
0.002
0
0
0
0
0
0
0.002
0
0
0.002
0
0
0.002
0
0
0.002
0
0
0.002
0
0
0.002
0
0
0.002
0
0
0.002
0
0
0.002
0
0
0.002
0
0
0.002
0
0
0
0
0
0
0.002
0
0
0.002
0
0
0.002
0
0
0.002
0
0
0.002
0
0
0.002
0
0
0.002
0
0
0.002
0
0
0.002
0
0
0.002
0
0
0.002
0
0
0.002
0.002
0
0
0.002
0
0
0.002
0
0
0
0
0
0
0.002
0
0
0.002
0
0
0.002
0
0
0.002
0
0
0.002
0
0
0.002
0
0
0.002
0
0
0.002
0
0
0.002
0
0
0.002
0
0
0.002
0
0
0
0
0
0
0.002
0
0
0.002
0
0
0.002
0
0
0.002
0
0
0.002
0
0
0.002
0
0
0.002
0
0
0.002
0
0
0.002
0
0
0.002
0
0
0.002
0
0
0.002
0
-0.001456
-0.002
0
-0.000344
0
0
-0.000744
0
0
-0.002
-0.001056
0
0
0.000292
0
0
0
-0.002
-0.002
-6.353e-05
0
0
-0.0018
0
0
0
-0.002
0
0.001456
0.002
0
0.000344
0
0
0.000744
0
0
0.002
0.001056
0
0
-0.000292
0
0
0
0.002
0.002
6.353e-05
0
0
0.0018
0
0
0
0.002
-0.00584
-0.004992
-0.008608
-0.011168
-0.01136
-0.010272
-0.00824
-0.005088
-0.00688
-0.010368
-0.00876
-0.00984
-0.010272
-0.009272
-0.0094955
-0.0108
-0.00964
-0.011
-0.009
-0.007408
-0.010696
0.00584
0.004992
0.008608
0.011168
0.01136
0.010272
0.00824
0.005088
0.00688
0.010368
0.00876
0.00984
0.010272
0.009272
0.0094955
0.0108
0.00964
0.011
0.009
0.007408
0.010696
0
0
0
1e+06
0
0
0
0
0
0
0
0
0
0
0
0
0
0
0
0
0
0
1e+06
0
0
0
0
0
0
1e+06
1e+06
1e+06
0
0
0
0
0
1e+06
0
0
0
0
0
0
0
0
0
0
0
0
0
0
0
0
0
0
1e+06
0
0
0
0
0
0
1e+06
1e+06
1e+06
0
0
0
0
0
1e+06
0
0
0
0
0
0
0
0
0
0
0
0
0
0
0
0
0
0
1e+06
0
0
0
0
0
0
1e+06
1e+06
1e+06
0
0
0
0
0
1e+06
0
0
0
0
0
0
0
0
0
0
0
0
0
0
0
0
0
0
1e+06
0
0
0
0
0
0
1e+06
1e+06
1e+06
0
0
0
0
0
1e+06
0
0
0
0
0
0
0
0
0
0
0
0
0
0
0
0
0
0
1e+06
0
0
0
0
0
0
1e+06
1e+06
1e+06
0
0
0
0
0
1e+06
0
0
0
0
0
0
0
0
0
0
0
0
0
0
0
0
0
0
1e+06
0
0
0
0
0
0
1e+06
1e+06
1e+06
0
0
0
0
0
1e+06
0
0
0
0
0
0
0
0
0
0
0
0
0
0
0
0
0
0
1e+06
0
0
0
0
0
0
1e+06
1e+06
1e+06
0
0
0
0
0
1e+06
0
0
0
0
0
0
0
0
0
0
0
0
0
0
0
0
0
0
1e+06
0
0
0
0
0
0
1e+06
1e+06
1e+06
0
0
0
0
0
1e+06
0
0
0
0
0
0
0
0
0
0
0
0
0
0
0
0
0
0
1e+06
0
0
0
0
0
0
1e+06
1e+06
1e+06
0
0
0
0
0
1e+06
0
0
0
0
0
0
0
0
0
0
0
0
0
0
0
0
0
0
1e+06
0
0
0
0
0
0
1e+06
1e+06
1e+06
0
0
0
0
0
1e+06
0
0
0
0
0
0
0
0
0
0
0
0
0
0
0
0
0
0
1e+06
0
0
0
0
0
0
1e+06
1e+06
1e+06
0
0
0
0
0
1e+06
0
0
0
0
0
0
0
0
0
0
0
0
0
0
0
0
0
0
1e+06
0
0
0
0
0
0
1e+06
1e+06
1e+06
0
0
0
0
0
1e+06
0
0
0
0
0
0
0
0
0
0
0
0
0
0
0
0
0
0
1e+06
0
0
0
0
0
0
1e+06
1e+06
1e+06
0
0
0
0
0
1e+06
0
0
0
0
0
0
0
0
0
0
0
0
0
0
0
0
0
0
1e+06
0
0
0
0
0
0
1e+06
1e+06
1e+06
0
0
2.5
2.5
2.5
0
2.5
2.5
2.5
2.5
2.5
2.5
2.5
2.5
2.5
2.5
2.5
2.5
2.5
2.5
2.5
2.5
2.5
2.5
0
2.5
2.5
2.5
2.5
2.5
2.5
0
0
0
2.5
2.5
2.5
2.5
2.5
0
2.5
2.5
2.5
2.5
2.5
2.5
2.5
2.5
2.5
2.5
2.5
2.5
2.5
2.5
2.5
2.5
2.5
2.5
0
2.5
2.5
2.5
2.5
2.5
2.5
0
0
0
2.5
2.5
2.5
2.5
2.5
0
2.5
2.5
2.5
2.5
2.5
2.5
2.5
2.5
2.5
2.5
2.5
2.5
2.5
2.5
2.5
2.5
2.5
2.5
0
2.5
2.5
2.5
2.5
2.5
2.5
0
0
0
2.5
2.5
2.5
2.5
2.5
0
2.5
2.5
2.5
2.5
2.5
2.5
2.5
2.5
2.5
2.5
2.5
2.5
2.5
2.5
2.5
2.5
2.5
2.5
0
2.5
2.5
2.5
2.5
2.5
2.5
0
0
0
2.5
2.5
2.5
2.5
2.5
0
2.5
2.5
2.5
2.5
2.5
2.5
2.5
2.5
2.5
2.5
2.5
2.5
2.5
2.5
2.5
2.5
2.5
2.5
0
2.5
2.5
2.5
2.5
2.5
2.5
0
0
0
2.5
2.5
2.5
2.5
2.5
0
2.5
2.5
2.5
2.5
2.5
2.5
2.5
2.5
2.5
2.5
2.5
2.5
2.5
2.5
2.5
2.5
2.5
2.5
0
2.5
2.5
2.5
2.5
2.5
2.5
0
0
0
2.5
2.5
2.5
2.5
2.5
0
2.5
2.5
2.5
2.5
2.5
2.5
2.5
2.5
2.5
2.5
2.5
2.5
2.5
2.5
2.5
2.5
2.5
2.5
0
2.5
2.5
2.5
2.5
2.5
2.5
0
0
0
2.5
2.5
2.5
2.5
2.5
0
2.5
2.5
2.5
2.5
2.5
2.5
2.5
2.5
2.5
2.5
2.5
2.5
2.5
2.5
2.5
2.5
2.5
2.5
0
2.5
2.5
2.5
2.5
2.5
2.5
0
0
0
2.5
2.5
2.5
2.5
2.5
0
2.5
2.5
2.5
2.5
2.5
2.5
2.5
2.5
2.5
2.5
2.5
2.5
2.5
2.5
2.5
2.5
2.5
2.5
0
2.5
2.5
2.5
2.5
2.5
2.5
0
0
0
2.5
2.5
2.5
2.5
2.5
0
2.5
2.5
2.5
2.5
2.5
2.5
2.5
2.5
2.5
2.5
2.5
2.5
2.5
2.5
2.5
2.5
2.5
2.5
0
2.5
2.5
2.5
2.5
2.5
2.5
0
0
0
2.5
2.5
2.5
2.5
2.5
0
2.5
2.5
2.5
2.5
2.5
2.5
2.5
2.5
2.5
2.5
2.5
2.5
2.5
2.5
2.5
2.5
2.5
2.5
0
2.5
2.5
2.5
2.5
2.5
2.5
0
0
0
2.5
2.5
2.5
2.5
2.5
0
2.5
2.5
2.5
2.5
2.5
2.5
2.5
2.5
2.5
2.5
2.5
2.5
2.5
2.5
2.5
2.5
2.5
2.5
0
2.5
2.5
2.5
2.5
2.5
2.5
0
0
0
2.5
2.5
2.5
2.5
2.5
0
2.5
2.5
2.5
2.5
2.5
2.5
2.5
2.5
2.5
2.5
2.5
2.5
2.5
2.5
2.5
2.5
2.5
2.5
0
2.5
2.5
2.5
2.5
2.5
2.5
0
0
0
2.5
2.5
2.5
2.5
2.5
0
2.5
2.5
2.5
2.5
2.5
2.5
2.5
2.5
2.5
2.5
2.5
2.5
2.5
2.5
2.5
2.5
2.5
2.5
0
2.5
2.5
2.5
2.5
2.5
2.5
0
0
0
2.5
2.5
2.5
2.5
2.5
0
2.5
2.5
2.5
2.5
2.5
2.5
2.5
2.5
2.5
2.5
2.5
2.5
2.5
2.5
2.5
2.5
2.5
2.5
0
2.5
2.5
2.5
2.5
2.5
2.5
0
0
0
2.5
2.5
2.5
2.5
2.5
0
2.5
2.5
2.5
2.5
2.5
2.5
2.5
2.5
2.5
2.5
2.5
2.5
2.5
2.5
2.5
2.5
2.5
2.5
0
2.5
2.5
2.5
2.5
2.5
2.5
0
0
0
2.5
2.5
2.5
2.5
2.5
0
2.5
2.5
2.5
2.5
2.5
2.5
2.5
2.5
2.5
2.5
2.5
2.5
2.5
2.5
2.5
2.5
2.5
2.5
0
2.5
2.5
2.5
2.5
2.5
2.5
0
0
0
2.5
2.5
2.5
2.5
2.5
0
2.5
2.5
2.5
2.5
2.5
2.5
2.5
2.5
2.5
2.5
2.5
2.5
2.5
2.5
2.5
2.5
2.5
2.5
0
2.5
2.5
2.5
2.5
2.5
2.5
0
0
0
2.5
2.5
2.5
2.5
2.5
0
2.5
2.5
2.5
2.5
2.5
2.5
2.5
2.5
2.5
2.5
2.5
2.5
2.5
2.5
2.5
2.5
2.5
2.5
0
2.5
2.5
2.5
2.5
2.5
2.5
0
0
0
2.5
2.5
2.5
2.5
2.5
0
2.5
2.5
2.5
2.5
2.5
2.5
2.5
2.5
2.5
2.5
2.5
2.5
2.5
2.5
2.5
2.5
2.5
2.5
0
2.5
2.5
2.5
2.5
2.5
2.5
0
0
0
2.5
2.5
2.5
2.5
2.5
0
2.5
2.5
2.5
2.5
2.5
2.5
2.5
2.5
2.5
2.5
2.5
2.5
2.5
2.5
2.5
2.5
2.5
2.5
0
2.5
2.5
2.5
2.5
2.5
2.5
0
0
0
2.5
2.5
2.5
2.5
2.5
0
2.5
2.5
2.5
2.5
2.5
2.5
2.5
2.5
2.5
2.5
2.5
2.5
2.5
2.5
2.5
2.5
2.5
2.5
0
2.5
2.5
2.5
2.5
2.5
2.5
0
0
0
2.5
2.5
2.5
2.5
2.5
0
2.5
2.5
2.5
2.5
2.5
2.5
2.5
2.5
2.5
2.5
2.5
2.5
2.5
2.5
2.5
2.5
2.5
2.5
0
2.5
2.5
2.5
2.5
2.5
2.5
0
0
0
2.5
2.5
2.5
2.5
2.5
0
2.5
2.5
2.5
2.5
2.5
2.5
2.5
2.5
2.5
2.5
2.5
2.5
2.5
2.5
2.5
2.5
2.5
2.5
0
2.5
2.5
2.5
2.5
2.5
2.5
0
0
0
2.5
2.5
2.5
2.5
2.5
0
2.5
2.5
2.5
2.5
2.5
2.5
2.5
2.5
2.5
2.5
2.5
2.5
2.5
2.5
2.5
2.5
2.5
2.5
0
2.5
2.5
2.5
2.5
2.5
2.5
0
0
0
2.5
2.5
2.5
2.5
2.5
0
2.5
2.5
2.5
2.5
2.5
2.5
2.5
2.5
2.5
2.5
2.5
2.5
2.5
2.5
2.5
2.5
2.5
2.5
0
2.5
2.5
2.5
2.5
2.5
2.5
0
0
0
2.5
2.5
2.5
2.5
2.5
0
2.5
2.5
2.5
2.5
2.5
2.5
2.5
2.5
2.5
2.5
2.5
2.5
2.5
2.5
2.5
2.5
2.5
2.5
0
2.5
2.5
2.5
2.5
2.5
2.5
0
0
0
2.5
2.5
2.5
2.5
2.5
0
2.5
2.5
2.5
2.5
2.5
2.5
2.5
2.5
2.5
2.5
2.5
2.5
2.5
2.5
2.5
2.5
2.5
2.5
0
2.5
2.5
2.5
2.5
2.5
2.5
0
0
0
2.5
2.5
3.5355
3.5355
3.5355
0
3.5355
3.5355
3.5355
3.5355
3.5355
3.5355
3.5355
3.5355
3.5355
3.5355
3.5355
3.5355
3.5355
3.5355
3.5355
3.5355
3.5355
3.5355
0
3.5355
3.5355
3.5355
3.5355
3.5355
3.5355
0
0
0
3.5355
3.5355
3.5355
3.5355
3.5355
0
3.5355
3.5355
3.5355
3.5355
3.5355
3.5355
3.5355
3.5355
3.5355
3.5355
3.5355
3.5355
3.5355
3.5355
3.5355
3.5355
3.5355
3.5355
0
3.5355
3.5355
3.5355
3.5355
3.5355
3.5355
0
0
0
3.5355
3.5355
3.5355
3.5355
3.5355
0
3.5355
3.5355
3.5355
3.5355
3.5355
3.5355
3.5355
3.5355
3.5355
3.5355
3.5355
3.5355
3.5355
3.5355
3.5355
3.5355
3.5355
3.5355
0
3.5355
3.5355
3.5355
3.5355
3.5355
3.5355
0
0
0
3.5355
3.5355
3.5355
3.5355
3.5355
0
3.5355
3.5355
3.5355
3.5355
3.5355
3.5355
3.5355
3.5355
3.5355
3.5355
3.5355
3.5355
3.5355
3.5355
3.5355
3.5355
3.5355
3.5355
0
3.5355
3.5355
3.5355
3.5355
3.5355
3.5355
0
0
0
3.5355
3.5355
3.5355
3.5355
3.5355
0
3.5355
3.5355
3.5355
3.5355
3.5355
3.5355
3.5355
3.5355
3.5355
3.5355
3.5355
3.5355
3.5355
3.5355
3.5355
3.5355
3.5355
3.5355
0
3.5355
3.5355
3.5355
3.5355
3.5355
3.5355
0
0
0
3.5355
3.5355
3.5355
3.5355
3.5355
0
3.5355
3.5355
3.5355
3.5355
3.5355
3.5355
3.5355
3.5355
3.5355
3.5355
3.5355
3.5355
3.5355
3.5355
3.5355
3.5355
3.5355
3.5355
0
3.5355
3.5355
3.5355
3.5355
3.5355
3.5355
0
0
0
3.5355
3.5355
3.5355
3.5355
3.5355
0
3.5355
3.5355
3.5355
3.5355
3.5355
3.5355
3.5355
3.5355
3.5355
3.5355
3.5355
3.5355
3.5355
3.5355
3.5355
3.5355
3.5355
3.5355
0
3.5355
3.5355
3.5355
3.5355
3.5355
3.5355
0
0
0
3.5355
3.5355
3.5355
3.5355
3.5355
0
3.5355
3.5355
3.5355
3.5355
3.5355
3.5355
3.5355
3.5355
3.5355
3.5355
3.5355
3.5355
3.5355
3.5355
3.5355
3.5355
3.5355
3.5355
0
3.5355
3.5355
3.5355
3.5355
3.5355
3.5355
0
0
0
3.5355
3.5355
3.5355
3.5355
3.5355
0
3.5355
3.5355
3.5355
3.5355
3.5355
3.5355
3.5355
3.5355
3.5355
3.5355
3.5355
3.5355
3.5355
3.5355
3.5355
3.5355
3.5355
3.5355
0
3.5355
3.5355
3.5355
3.5355
3.5355
3.5355
0
0
0
3.5355
3.5355
3.5355
3.5355
3.5355
0
3.5355
3.5355
3.5355
3.5355
3.5355
3.5355
3.5355
3.5355
3.5355
3.5355
3.5355
3.5355
3.5355
3.5355
3.5355
3.5355
3.5355
3.5355
0
3.5355
3.5355
3.5355
3.5355
3.5355
3.5355
0
0
0
3.5355
3.5355
3.5355
3.5355
3.5355
0
3.5355
3.5355
3.5355
3.5355
3.5355
3.5355
3.5355
3.5355
3.5355
3.5355
3.5355
3.5355
3.5355
3.5355
3.5355
3.5355
3.5355
3.5355
0
3.5355
3.5355
3.5355
3.5355
3.5355
3.5355
0
0
0
3.5355
3.5355
3.5355
3.5355
3.5355
0
3.5355
3.5355
3.5355
3.5355
3.5355
3.5355
3.5355
3.5355
3.5355
3.5355
3.5355
3.5355
3.5355
3.5355
3.5355
3.5355
3.5355
3.5355
0
3.5355
3.5355
3.5355
3.5355
3.5355
3.5355
0
0
0
3.5355
3.5355
3.5355
3.5355
3.5355
0
3.5355
3.5355
3.5355
3.5355
3.5355
3.5355
3.5355
3.5355
3.5355
3.5355
3.5355
3.5355
3.5355
3.5355
3.5355
3.5355
3.5355
3.5355
0
3.5355
3.5355
3.5355
3.5355
3.5355
3.5355
0
0
0
3.5355
3.5355
3.5355
3.5355
3.5355
0
3.5355
3.5355
3.5355
3.5355
3.5355
3.5355
3.5355
3.5355
3.5355
3.5355
3.5355
3.5355
3.5355
3.5355
3.5355
3.5355
3.5355
3.5355
0
3.5355
3.5355
3.5355
3.5355
3.5355
3.5355
0
0
0
3.5355
3.5355
3.5355
3.5355
3.5355
0
3.5355
3.5355
3.5355
3.5355
3.5355
3.5355
3.5355
3.5355
3.5355
3.5355
3.5355
3.5355
3.5355
3.5355
3.5355
3.5355
3.5355
3.5355
0
3.5355
3.5355
3.5355
3.5355
3.5355
3.5355
0
0
0
3.5355
3.5355
3.5355
3.5355
3.5355
0
3.5355
3.5355
3.5355
3.5355
3.5355
3.5355
3.5355
3.5355
3.5355
3.5355
3.5355
3.5355
3.5355
3.5355
3.5355
3.5355
3.5355
3.5355
0
3.5355
3.5355
3.5355
3.5355
3.5355
3.5355
0
0
0
3.5355
3.5355
3.5355
3.5355
3.5355
0
3.5355
3.5355
3.5355
3.5355
3.5355
3.5355
3.5355
3.5355
3.5355
3.5355
3.5355
3.5355
3.5355
3.5355
3.5355
3.5355
3.5355
3.5355
0
3.5355
3.5355
3.5355
3.5355
3.5355
3.5355
0
0
0
3.5355
3.5355
3.5355
3.5355
3.5355
0
3.5355
3.5355
3.5355
3.5355
3.5355
3.5355
3.5355
3.5355
3.5355
3.5355
3.5355
3.5355
3.5355
3.5355
3.5355
3.5355
3.5355
3.5355
0
3.5355
3.5355
3.5355
3.5355
3.5355
3.5355
0
0
0
3.5355
3.5355
3.5355
3.5355
3.5355
0
3.5355
3.5355
3.5355
3.5355
3.5355
3.5355
3.5355
3.5355
3.5355
3.5355
3.5355
3.5355
3.5355
3.5355
3.5355
3.5355
3.5355
3.5355
0
3.5355
3.5355
3.5355
3.5355
3.5355
3.5355
0
0
0
3.5355
3.5355
3.5355
3.5355
3.5355
0
3.5355
3.5355
3.5355
3.5355
3.5355
3.5355
3.5355
3.5355
3.5355
3.5355
3.5355
3.5355
3.5355
3.5355
3.5355
3.5355
3.5355
3.5355
0
3.5355
3.5355
3.5355
3.5355
3.5355
3.5355
0
0
0
3.5355
3.5355
3.5355
3.5355
3.5355
0
3.5355
3.5355
3.5355
3.5355
3.5355
3.5355
3.5355
3.5355
3.5355
3.5355
3.5355
3.5355
3.5355
3.5355
3.5355
3.5355
3.5355
3.5355
0
3.5355
3.5355
3.5355
3.5355
3.5355
3.5355
0
0
0
3.5355
3.5355
3.5355
3.5355
3.5355
0
3.5355
3.5355
3.5355
3.5355
3.5355
3.5355
3.5355
3.5355
3.5355
3.5355
3.5355
3.5355
3.5355
3.5355
3.5355
3.5355
3.5355
3.5355
0
3.5355
3.5355
3.5355
3.5355
3.5355
3.5355
0
0
0
3.5355
3.5355
3.5355
3.5355
3.5355
0
3.5355
3.5355
3.5355
3.5355
3.5355
3.5355
3.5355
3.5355
3.5355
3.5355
3.5355
3.5355
3.5355
3.5355
3.5355
3.5355
3.5355
3.5355
0
3.5355
3.5355
3.5355
3.5355
3.5355
3.5355
0
0
0
3.5355
3.5355
3.5355
3.5355
3.5355
0
3.5355
3.5355
3.5355
3.5355
3.5355
3.5355
3.5355
3.5355
3.5355
3.5355
3.5355
3.5355
3.5355
3.5355
3.5355
3.5355
3.5355
3.5355
0
3.5355
3.5355
3.5355
3.5355
3.5355
3.5355
0
0
0
3.5355
3.5355
3.5355
3.5355
3.5355
0
3.5355
3.5355
3.5355
3.5355
3.5355
3.5355
3.5355
3.5355
3.5355
3.5355
3.5355
3.5355
3.5355
3.5355
3.5355
3.5355
3.5355
3.5355
0
3.5355
3.5355
3.5355
3.5355
3.5355
3.5355
0
0
0
3.5355
3.5355
3.5355
3.5355
3.5355
0
3.5355
3.5355
3.5355
3.5355
3.5355
3.5355
3.5355
3.5355
3.5355
3.5355
3.5355
3.5355
3.5355
3.5355
3.5355
3.5355
3.5355
3.5355
0
3.5355
3.5355
3.5355
3.5355
3.5355
3.5355
0
0
0
3.5355
3.5355
3.5355
3.5355
3.5355
0
3.5355
3.5355
3.5355
3.5355
3.5355
3.5355
3.5355
3.5355
3.5355
3.5355
3.5355
3.5355
3.5355
3.5355
3.5355
3.5355
3.5355
3.5355
0
3.5355
3.5355
3.5355
3.5355
3.5355
3.5355
0
0
0
3.5355
3.5355
3.5355
3.5355
3.5355
0
3.5355
3.5355
3.5355
3.5355
3.5355
3.5355
3.5355
3.5355
3.5355
3.5355
3.5355
3.5355
3.5355
3.5355
3.5355
3.5355
3.5355
3.5355
0
3.5355
3.5355
3.5355
3.5355
3.5355
3.5355
0
0
0
3.5355
3.5355
-0.95
-0.95
-0.95
-0.95
-0.95
-0.95
-0.95
-0.95
-0.95
-0.95
-0.95
-0.95
-1
-0.95
-0.95
-0.95
-0.95
-0.95
-0.95
-1
-0.95
-0.95
-0.95
-1
-0.95
-0.95
-0.95
-0.95
-0.95
-0.95
-0.95
-0.95
-0.95
-0.95
-0.95
-0.95
-0.95
-0.95
-0.95
-0.95
-0.95
-0.95
-0.95
-0.95
-1
-0.95
-0.95
-0.95
-0.95
-0.95
-0.95
-1
-0.95
-0.95
-0.95
-1
-0.95
-0.95
-0.95
-0.95
-0.95
-0.95
-0.95
-0.95
-0.95
-0.95
-0.95
-0.95
-0.95
-0.95
-0.95
-0.95
-0.95
-0.95
-0.95
-0.95
-1
-0.95
-0.95
-0.95
-0.95
-0.95
-0.95
-1
-0.95
-0.95
-0.95
-1
-0.95
-0.95
-0.95
-0.95
-0.95
-0.95
-0.95
-0.95
-0.95
-0.95
-0.95
-0.95
-0.95
-0.95
-0.95
-0.95
-0.95
-0.95
-0.95
-0.95
-1
-0.95
-0.95
-0.95
-0.95
-0.95
-0.95
-1
-0.95
-0.95
-0.95
-1
-0.95
-0.95
-0.95
-0.95
-0.95
-0.95
-0.95
-0.95
-0.95
-0.95
-0.95
-0.95
-0.95
-0.95
-0.95
-0.95
-0.95
-0.95
-0.95
-0.95
-1
-0.95
-0.95
-0.95
-0.95
-0.95
-0.95
-1
-0.95
-0.95
-0.95
-1
-0.95
-0.95
-0.95
-0.95
-0.95
-0.95
-0.95
-0.95
-0.95
-0.95
-0.95
-0.95
-0.95
-0.95
-0.95
-0.95
-0.95
-0.95
-0.95
-0.95
-1
-0.95
-0.95
-0.95
-0.95
-0.95
-0.95
-1
-0.95
-0.95
-0.95
-1
-0.95
-0.95
-0.95
-0.95
-0.95
-0.95
-0.95
-0.95
-0.95
-0.95
-0.95
-0.95
-0.95
-0.95
-0.95
-0.95
-0.95
-0.95
-0.95
-0.95
-1
-0.95
-0.95
-0.95
-0.95
-0.95
-0.95
-1
-0.95
-0.95
-0.95
-1
-0.95
-0.95
-0.95
-0.95
-0.95
-0.95
-0.95
-0.95
1.05
1.05
1.05
1.05
1.05
1.05
1.05
1.05
1.05
1.05
1.05
1.05
1
1.05
1.05
1.05
1.05
1.05
1.05
1
1.05
1.05
1.05
1
1.05
1.05
1.05
1.05
1.05
1.05
1.05
1.05
1.05
1.05
1.05
1.05
1.05
1.05
1.05
1.05
1.05
1.05
1.05
1.05
1
1.05
1.05
1.05
1.05
1.05
1.05
1
1.05
1.05
1.05
1
1.05
1.05
1.05
1.05
1.05
1.05
1.05
1.05
1.05
1.05
1.05
1.05
1.05
1.05
1.05
1.05
1.05
1.05
1.05
1.05
1
1.05
1.05
1.05
1.05
1.05
1.05
1
1.05
1.05
1.05
1
1.05
1.05
1.05
1.05
1.05
1.05
1.05
1.05
1.05
1.05
1.05
1.05
1.05
1.05
1.05
1.05
1.05
1.05
1.05
1.05
1
1.05
1.05
1.05
1.05
1.05
1.05
1
1.05
1.05
1.05
1
1.05
1.05
1.05
1.05
1.05
1.05
1.05
1.05
1.05
1.05
1.05
1.05
1.05
1.05
1.05
1.05
1.05
1.05
1.05
1.05
1
1.05
1.05
1.05
1.05
1.05
1.05
1
1.05
1.05
1.05
1
1.05
1.05
1.05
1.05
1.05
1.05
1.05
1.05
1.05
1.05
1.05
1.05
1.05
1.05
1.05
1.05
1.05
1.05
1.05
1.05
1
1.05
1.05
1.05
1.05
1.05
1.05
1
1.05
1.05
1.05
1
1.05
1.05
1.05
1.05
1.05
1.05
1.05
1.05
1.05
1.05
1.05
1.05
1.05
1.05
1.05
1.05
1.05
1.05
1.05
1.05
1
1.05
1.05
1.05
1.05
1.05
1.05
1
1.05
1.05
1.05
1
1.05
1.05
1.05
1.05
1.05
1.05
1.05
1.05
0.01175
0.0112
0.0112
0.0112
0.0115
0.0118
0.012
0.01446
0.01439
0.01075
0.01026
0.00984
0.01054
0.01215
0.01485
0.0138
0.01436
0.0145
0.0145
0.01464
0.01394
0.014858
0.015125
0.015125
0.015125
0.014979
0.014834
0.014737
0.013546
0.01358
0.015343
0.01558
0.015783
0.015444
0.014665
0.015926
0.016434
0.016163
0.016095
0.016095
0.016027
0.016366
0.010742
0.010475
0.010475
0.010475
0.010621
0.010766
0.010863
0.012054
0.01202
0.010257
0.01002
0.0098166
0.010156
0.010935
0.012874
0.012366
0.012637
0.012705
0.012705
0.012773
0.012434
0.00044
0.000396
0.000528
0.000264
0.000264
0.00088
0.00088
0.00102
0.00102
0.000765
0.00102
0.00102
0.00204
0.00102
0.00102
0.00102
0.00153
0.000396
0.000396
0.000396
0.000396
0.00081
0.00378
0.00378
0.00054
0.00054
0.00054
0.00108
0.0018
0.00135
0.00189
0.00054
0.00046
0.000414
0.000552
0.000276
0.000276
0.00092
0.00092
0.001152
0.001152
0.000864
0.001152
0.001152
0.002304
0.001152
0.001152
0.001152
0.001728
0.000414
0.000414
0.000414
0.000414
0.00108
0.00504
0.00504
0.00072
0.00072
0.00072
0.00144
0.0024
0.0018
0.00252
0.00072
0.0015
0.00135
0.0018
0.0009
0.0009
0.003
0.003
0.001152
0.001152
0.000864
0.001152
0.001152
0.002304
0.001152
0.001152
0.001152
0.001728
0.00135
0.00135
0.00135
0.00135
0.000936
0.004368
0.004368
0.000624
0.000624
0.000624
0.001248
0.00208
0.00156
0.002184
0.000624
0.00164
0.001476
0.001968
0.000984
0.000984
0.00328
0.00328
0.001152
0.001152
0.000864
0.001152
0.001152
0.002304
0.001152
0.001152
0.001152
0.001728
0.001476
0.001476
0.001476
0.001476
0.0009
0.0042
0.0042
0.0006
0.0006
0.0006
0.0012
0.002
0.0015
0.0021
0.0006
0.00176
0.001584
0.002112
0.001056
0.001056
0.00352
0.00352
0.00108
0.00108
0.00081
0.00108
0.00108
0.00216
0.00108
0.00108
0.00108
0.00162
0.001584
0.001584
0.001584
0.001584
0.0009
0.0042
0.0042
0.0006
0.0006
0.0006
0.0012
0.002
0.0015
0.0021
0.0006
0.00156
0.001404
0.001872
0.000936
0.000936
0.00312
0.00312
0.001008
0.001008
0.000756
0.001008
0.001008
0.002016
0.001008
0.001008
0.001008
0.001512
0.001404
0.001404
0.001404
0.001404
0.000864
0.004032
0.004032
0.000576
0.000576
0.000576
0.001152
0.00192
0.00144
0.002016
0.000576
0.0011
0.00099
0.00132
0.00066
0.00066
0.0022
0.0022
0.00096
0.00096
0.00072
0.00096
0.00096
0.00192
0.00096
0.00096
0.00096
0.00144
0.00099
0.00099
0.00099
0.00099
0.001044
0.004872
0.004872
0.000696
0.000696
0.000696
0.001392
0.00232
0.00174
0.002436
0.000696
0.000264
0.000176
0.000352
0.000132
8.8e-05
0.00044
0.00044
0.00034
0.00034
0.00051
0.000595
0.000595
0.00136
0.00017
0.00034
0.00034
0.00068
0.000176
0.000176
0.000176
0.000176
0.00045
0.0018
0.0018
0.000225
0.000225
0.00018
0.00063
0.0054
0.00063
0.0009
0.00036
0.000276
0.000184
0.000368
0.000138
9.2e-05
0.00046
0.00046
0.000384
0.000384
0.000576
0.000672
0.000672
0.001536
0.000192
0.000384
0.000384
0.000768
0.000184
0.000184
0.000184
0.000184
0.0006
0.0024
0.0024
0.0003
0.0003
0.00024
0.00084
0.0072
0.00084
0.0012
0.00048
0.0009
0.0006
0.0012
0.00045
0.0003
0.0015
0.0015
0.000384
0.000384
0.000576
0.000672
0.000672
0.001536
0.000192
0.000384
0.000384
0.000768
0.0006
0.0006
0.0006
0.0006
0.00052
0.00208
0.00208
0.00026
0.00026
0.000208
0.000728
0.00624
0.000728
0.00104
0.000416
0.000984
0.000656
0.001312
0.000492
0.000328
0.00164
0.00164
0.000384
0.000384
0.000576
0.000672
0.000672
0.001536
0.000192
0.000384
0.000384
0.000768
0.000656
0.000656
0.000656
0.000656
0.0005
0.002
0.002
0.00025
0.00025
0.0002
0.0007
0.006
0.0007
0.001
0.0004
0.001056
0.000704
0.001408
0.000528
0.000352
0.00176
0.00176
0.00036
0.00036
0.00054
0.00063
0.00063
0.00144
0.00018
0.00036
0.00036
0.00072
0.000704
0.000704
0.000704
0.000704
0.0005
0.002
0.002
0.00025
0.00025
0.0002
0.0007
0.006
0.0007
0.001
0.0004
0.000936
0.000624
0.001248
0.000468
0.000312
0.00156
0.00156
0.000336
0.000336
0.000504
0.000588
0.000588
0.001344
0.000168
0.000336
0.000336
0.000672
0.000624
0.000624
0.000624
0.000624
0.00048
0.00192
0.00192
0.00024
0.00024
0.000192
0.000672
0.00576
0.000672
0.00096
0.000384
0.00066
0.00044
0.00088
0.00033
0.00022
0.0011
0.0011
0.00032
0.00032
0.00048
0.00056
0.00056
0.00128
0.00016
0.00032
0.00032
0.00064
0.00044
0.00044
0.00044
0.00044
0.00058
0.00232
0.00232
0.00029
0.00029
0.000232
0.000812
0.00696
0.000812
0.00116
0.000464
